3.06 0.28 15.3 9.97
3.06 0.28 15.3 10.1
3.06 0.28 15.3 10.2
3.05 0.28 15.3 0.18
3.06 0.28 15.3 0.36
5.34 0.51 15.3 0.68
5.34 0.51 15.3 0.9
5.34 0.51 15.3 1.22
5.35 0.51 15.3 1.54
5.34 0.51 15.3 1.86
5.34 0.51 15.3 2.07
2.67 0.24 15.3 2.34
2.66 0.24 15.3 2.5
2.67 0.24 15.3 2.66
2.66 0.24 15.3 2.82
2.66 0.24 15.3 2.93
2.67 0.24 15.3 3.09
2.67 0.24 15.3 3.25
2.2 0.22 13.9 0.12
2.2 0.22 13.9 0.25
2.2 0.22 13.9 0.38
2.2 0.22 13.9 0.51
2.2 0.22 13.9 0.64
2.2 0.22 13.9 0.73
3.74 0.39 13.9 0.96
3.74 0.39 13.9 1.18
3.74 0.39 13.9 1.41
7.12 0.85 13.9 0.34
7.11 0.85 13.9 0.77
7.11 0.85 13.9 1.19
7.13 0.85 13.9 1.62
7.13 0.85 13.9 2.05
7.14 0.85 13.9 2.33
7.14 0.85 13.9 2.76
7.13 0.85 13.9 3.19
7.11 0.85 13.9 3.62
7.14 0.85 13.9 4.05
3.3 0.34 13.9 4.25
3.3 0.34 13.9 4.45
3.3 0.34 13.9 4.65
3.3 0.34 13.9 4.85
3.3 0.34 13.9 5.05
3.3 0.34 13.9 5.18
3.3 0.34 13.9 5.38
3.3 0.34 13.9 5.58
